         193
          94
          34
          76
         115
         221
         166
         127
         227
         215
         254
         255
          73
          86
         220
         197
         131
          31
         138
         229
          18
         149
         173
          72
         178
         142
         125
          65
         242
         226
         251
          38
         247
           4
         185
         221
         190
          92
          20
          58
          24
         131
         249
         236
         149
         200
         240
         156
           6
         215
          56
         192
         105
          12
          34
          17
         134
         108
         215
         155
         169
          58
         166
         194
         159
          43
         165
         126
           1
         102
         157
          49
         118
         194
         173
         223
          97
         102
         218
         172
          93
         216
         208
         158
          95
          71
           7
          74
          72
         137
         183
         224
         230
          93
         109
          14
          89
         100
         118
          20
         121
         138
         197
          22
          26
          28
         236
         120
          62
         204
         236
          61
          45
         118
          67
           7
          21
          75
         193
          37
         123
          82
           8
         188
          81
          11
         168
         217
          81
          93
         209
          31
         228
         182
         207
         190
          17
         159
          58
         236
          50
          94
          85
         239
         196
         157
         124
         116
         255
         176
